[
  "M247.6918,531.15995C247.6918,528.44311,245.48893,526.24069,242.77156,526.24069C240.05419,526.24069,237.85133,528.44311,237.85133,531.15995C237.85133,533.87678,240.05419,536.0792,242.77156,536.0792C245.48893,536.0792,247.6918,533.87678,247.6918,531.15995z",
  "M279.61332,527.44051C279.61332,524.78994,277.41045,522.64123,274.69308,522.64123C271.97571,522.64123,269.77285,524.78994,269.77285,527.44051C269.77285,530.09107,271.97571,532.23978,274.69308,532.23978C277.41045,532.23978,279.61332,530.09107,279.61332,527.44051z",
  "M286.81366,533.4396C286.81366,530.78904,284.66452,528.64033,282.01343,528.64033C279.36234,528.64033,277.2132,530.78904,277.2132,533.4396C277.2132,536.09017,279.36234,538.23888,282.01343,538.23888C284.66452,538.23888,286.81366,536.09017,286.81366,533.4396z",
  "M279.61332,502.12432C279.61332,499.40749,277.46418,497.20506,274.81309,497.20506C272.16199,497.20506,270.01286,499.40749,270.01286,502.12432C270.01286,504.84115,272.16199,507.04358,274.81309,507.04358C277.46418,507.04358,279.61332,504.84115,279.61332,502.12432z",
  "M288.01372,496.12523C288.01372,493.40839,285.81085,491.20597,283.09348,491.20597C280.37611,491.20597,278.17325,493.40839,278.17325,496.12523C278.17325,498.84206,280.37611,501.04448,283.09348,501.04448C285.81085,501.04448,288.01372,498.84206,288.01372,496.12523z",
  "M295.69408,500.68454C295.69408,497.96771,293.49122,495.76528,290.77385,495.76528C288.05648,495.76528,285.85361,497.96771,285.85361,500.68454C285.85361,503.40137,288.05648,505.6038,290.77385,505.6038C293.49122,505.6038,295.69408,503.40137,295.69408,500.68454z",
  "M295.69408,503.32414C295.69408,500.60731,293.49122,498.40488,290.77385,498.40488C288.05648,498.40488,285.85361,500.60731,285.85361,503.32414C285.85361,506.04097,288.05648,508.2434,290.77385,508.2434C293.49122,508.2434,295.69408,506.04097,295.69408,503.32414z",
  "M296.65413,510.16311C296.65413,507.51254,294.45126,505.36383,291.73389,505.36383C289.01652,505.36383,286.81366,507.51254,286.81366,510.16311C286.81366,512.81368,289.01652,514.96239,291.73389,514.96239C294.45126,514.96239,296.65413,512.81368,296.65413,510.16311z",
  "M294.97405,513.88255C294.97405,511.16572,292.77118,508.96329,290.05381,508.96329C287.33644,508.96329,285.13358,511.16572,285.13358,513.88255C285.13358,516.59938,287.33644,518.80181,290.05381,518.80181C292.77118,518.80181,294.97405,516.59938,294.97405,513.88255z",
  "M303.61446,510.883C303.61446,508.23243,301.4116,506.08373,298.69423,506.08373C295.97685,506.08373,293.77399,508.23243,293.77399,510.883C293.77399,513.53357,295.97685,515.68228,298.69423,515.68228C301.4116,515.68228,303.61446,513.53357,303.61446,510.883z",
  "M303.61446,505.6038C303.61446,502.95323,301.4116,500.80452,298.69423,500.80452C295.97685,500.80452,293.77399,502.95323,293.77399,505.6038C293.77399,508.25437,295.97685,510.40307,298.69423,510.40307C301.4116,510.40307,303.61446,508.25437,303.61446,505.6038z",
  "M303.13444,495.6453C303.13444,492.92847,300.9853,490.72604,298.33421,490.72604C295.68311,490.72604,293.53398,492.92847,293.53398,495.6453C293.53398,498.36213,295.68311,500.56456,298.33421,500.56456C300.9853,500.56456,303.13444,498.36213,303.13444,495.6453z",
  "M306.25459,524.20099C306.25459,521.48416,304.10545,519.28174,301.45436,519.28174C298.80326,519.28174,296.65413,521.48416,296.65413,524.20099C296.65413,526.91783,298.80326,529.12025,301.45436,529.12025C304.10545,529.12025,306.25459,526.91783,306.25459,524.20099z",
  "M318.01515,519.16175C318.01515,516.44492,315.81228,514.2425,313.09491,514.2425C310.37754,514.2425,308.17468,516.44492,308.17468,519.16175C308.17468,521.87859,310.37754,524.08101,313.09491,524.08101C315.81228,524.08101,318.01515,521.87859,318.01515,519.16175z",
  "M324.01543,519.16175C324.01543,516.44492,321.81257,514.2425,319.0952,514.2425C316.37783,514.2425,314.17496,516.44492,314.17496,519.16175C314.17496,521.87859,316.37783,524.08101,319.0952,524.08101C321.81257,524.08101,324.01543,521.87859,324.01543,519.16175z",
  "M322.33535,562.71519C322.33535,560.06462,320.18622,557.91591,317.53512,557.91591C314.88403,557.91591,312.73489,560.06462,312.73489,562.71519C312.73489,565.36576,314.88403,567.51447,317.53512,567.51447C320.18622,567.51447,322.33535,565.36576,322.33535,562.71519z",
  "M318.73518,555.63626C318.73518,552.91943,316.58604,550.717,313.93495,550.717C311.28386,550.717,309.13472,552.91943,309.13472,555.63626C309.13472,558.35309,311.28386,560.55552,313.93495,560.55552C316.58604,560.55552,318.73518,558.35309,318.73518,555.63626z",
  "M366.25744,678.25778C366.25744,675.54094,364.05458,673.33852,361.33721,673.33852C358.61984,673.33852,356.41697,675.54094,356.41697,678.25778C356.41697,680.97461,358.61984,683.17703,361.33721,683.17703C364.05458,683.17703,366.25744,680.97461,366.25744,678.25778z",
  "M367.69751,676.33807C367.69751,673.62123,365.49465,671.41881,362.77728,671.41881C360.05991,671.41881,357.85704,673.62123,357.85704,676.33807C357.85704,679.0549,360.05991,681.25732,362.77728,681.25732C365.49465,681.25732,367.69751,679.0549,367.69751,676.33807z",
  "M366.97748,675.01826C366.97748,672.3677,364.82834,670.21899,362.17725,670.21899C359.52616,670.21899,357.37702,672.3677,357.37702,675.01826C357.37702,677.66883,359.52616,679.81754,362.17725,679.81754C364.82834,679.81754,366.97748,677.66883,366.97748,675.01826z",
  "M396.73889,651.74177C396.73889,649.09121,394.58976,646.9425,391.93867,646.9425C389.28757,646.9425,387.13844,649.09121,387.13844,651.74177C387.13844,654.39234,389.28757,656.54105,391.93867,656.54105C394.58976,656.54105,396.73889,654.39234,396.73889,651.74177z",
  "M403.93924,648.98219C403.93924,646.26536,401.7901,644.06293,399.13901,644.06293C396.48792,644.06293,394.33878,646.26536,394.33878,648.98219C394.33878,651.69902,396.48792,653.90145,399.13901,653.90145C401.7901,653.90145,403.93924,651.69902,403.93924,648.98219z",
  "M362.41726,706.33354C362.41726,703.61671,360.2144,701.41429,357.49703,701.41429C354.77966,701.41429,352.57679,703.61671,352.57679,706.33354C352.57679,709.05038,354.77966,711.2528,357.49703,711.2528C360.2144,711.2528,362.41726,709.05038,362.41726,706.33354z",
  "M354.01686,728.05027C354.01686,725.3997,351.814,723.25099,349.09663,723.25099C346.37926,723.25099,344.17639,725.3997,344.17639,728.05027C344.17639,730.70084,346.37926,732.84955,349.09663,732.84955C351.814,732.84955,354.01686,730.70084,354.01686,728.05027z",
  "M354.49688,729.13011C354.49688,726.41328,352.34775,724.21085,349.69665,724.21085C347.04556,724.21085,344.89643,726.41328,344.89643,729.13011C344.89643,731.84694,347.04556,734.04937,349.69665,734.04937C352.34775,734.04937,354.49688,731.84694,354.49688,729.13011z",
  "M269.05281,736.08906C269.05281,733.37223,266.84995,731.1698,264.13258,731.1698C261.41521,731.1698,259.21234,733.37223,259.21234,736.08906C259.21234,738.80589,261.41521,741.00832,264.13258,741.00832C266.84995,741.00832,269.05281,738.80589,269.05281,736.08906z",
  "M348.73661,742.80805C348.73661,740.09122,346.53374,737.88879,343.81637,737.88879C341.099,737.88879,338.89614,740.09122,338.89614,742.80805C338.89614,745.52488,341.099,747.72731,343.81637,747.72731C346.53374,747.72731,348.73661,745.52488,348.73661,742.80805z",
  "M290.41383,743.16799C290.41383,740.51743,288.2647,738.36872,285.6136,738.36872C282.96251,738.36872,280.81337,740.51743,280.81337,743.16799C280.81337,745.81856,282.96251,747.96727,285.6136,747.96727C288.2647,747.96727,290.41383,745.81856,290.41383,743.16799z",
  "M318.97519,685.81664C318.97519,683.16607,316.82606,681.01736,314.17496,681.01736C311.52387,681.01736,309.37473,683.16607,309.37473,685.81664C309.37473,688.4672,311.52387,690.61591,314.17496,690.61591C316.82606,690.61591,318.97519,688.4672,318.97519,685.81664z",
  "M311.29483,684.25687C311.29483,681.54004,309.09196,679.33761,306.37459,679.33761C303.65722,679.33761,301.45436,681.54004,301.45436,684.25687C301.45436,686.9737,303.65722,689.17613,306.37459,689.17613C309.09196,689.17613,311.29483,686.9737,311.29483,684.25687z",
  "M296.89414,679.09765C296.89414,676.44708,294.69128,674.29837,291.97391,674.29837C289.25653,674.29837,287.05367,676.44708,287.05367,679.09765C287.05367,681.74822,289.25653,683.89693,291.97391,683.89693C294.69128,683.89693,296.89414,681.74822,296.89414,679.09765z",
  "M294.25401,682.33716C294.25401,679.62033,292.10488,677.4179,289.45379,677.4179C286.80269,677.4179,284.65356,679.62033,284.65356,682.33716C284.65356,685.05399,286.80269,687.25642,289.45379,687.25642C292.10488,687.25642,294.25401,685.05399,294.25401,682.33716z",
  "M290.17382,684.49684C290.17382,681.78,288.02468,679.57758,285.37359,679.57758C282.7225,679.57758,280.57336,681.78,280.57336,684.49684C280.57336,687.21367,282.7225,689.41609,285.37359,689.41609C288.02468,689.41609,290.17382,687.21367,290.17382,684.49684z",
  "M290.17382,688.09629C290.17382,685.37946,288.02468,683.17703,285.37359,683.17703C282.7225,683.17703,280.57336,685.37946,280.57336,688.09629C280.57336,690.81312,282.7225,693.01555,285.37359,693.01555C288.02468,693.01555,290.17382,690.81312,290.17382,688.09629z",
  "M299.05424,675.49819C299.05424,672.84762,296.85138,670.69892,294.13401,670.69892C291.41664,670.69892,289.21377,672.84762,289.21377,675.49819C289.21377,678.14876,291.41664,680.29747,294.13401,680.29747C296.85138,680.29747,299.05424,678.14876,299.05424,675.49819z",
  "M296.65413,674.53834C296.65413,671.88777,294.45126,669.73906,291.73389,669.73906C289.01652,669.73906,286.81366,671.88777,286.81366,674.53834C286.81366,677.1889,289.01652,679.33761,291.73389,679.33761C294.45126,679.33761,296.65413,677.1889,296.65413,674.53834z",
  "M296.89414,671.29882C296.89414,668.58199,294.69128,666.37957,291.97391,666.37957C289.25653,666.37957,287.05367,668.58199,287.05367,671.29882C287.05367,674.01566,289.25653,676.21808,291.97391,676.21808C294.69128,676.21808,296.89414,674.01566,296.89414,671.29882z",
  "M260.4124,680.7774C260.4124,678.12683,258.26327,675.97812,255.61217,675.97812C252.96108,675.97812,250.81194,678.12683,250.81194,680.7774C250.81194,683.42796,252.96108,685.57667,255.61217,685.57667C258.26327,685.57667,260.4124,683.42796,260.4124,680.7774z",
  "M251.53198,701.2943C251.53198,698.57747,249.38284,696.37505,246.73175,696.37505C244.08066,696.37505,241.93152,698.57747,241.93152,701.2943C241.93152,704.01114,244.08066,706.21356,246.73175,706.21356C249.38284,706.21356,251.53198,704.01114,251.53198,701.2943z",
  "M272.65299,680.53743C272.65299,677.88687,270.50385,675.73816,267.85276,675.73816C265.20166,675.73816,263.05253,677.88687,263.05253,680.53743C263.05253,683.188,265.20166,685.33671,267.85276,685.33671C270.50385,685.33671,272.65299,683.188,272.65299,680.53743z",
  "M271.93295,681.49729C271.93295,678.84672,269.73009,676.69801,267.01272,676.69801C264.29535,676.69801,262.09248,678.84672,262.09248,681.49729C262.09248,684.14786,264.29535,686.29656,267.01272,686.29656C269.73009,686.29656,271.93295,684.14786,271.93295,681.49729z",
  "M286.57365,688.09629C286.57365,685.37946,284.37078,683.17703,281.65341,683.17703C278.93604,683.17703,276.73318,685.37946,276.73318,688.09629C276.73318,690.81312,278.93604,693.01555,281.65341,693.01555C284.37078,693.01555,286.57365,690.81312,286.57365,688.09629z",
  "M199.92952,664.57984C199.92952,661.86301,197.78039,659.66058,195.12929,659.66058C192.4782,659.66058,190.32906,661.86301,190.32906,664.57984C190.32906,667.29667,192.4782,669.4991,195.12929,669.4991C197.78039,669.4991,199.92952,667.29667,199.92952,664.57984z",
  "M198.00943,669.4991C198.00943,666.84853,195.80657,664.69982,193.0892,664.69982C190.37183,664.69982,188.16896,666.84853,188.16896,669.4991C188.16896,672.14966,190.37183,674.29837,193.0892,674.29837C195.80657,674.29837,198.00943,672.14966,198.00943,669.4991z",
  "M211.21006,669.25913C211.21006,666.60856,209.06092,664.45986,206.40983,664.45986C203.75874,664.45986,201.6096,666.60856,201.6096,669.25913C201.6096,671.9097,203.75874,674.05841,206.40983,674.05841C209.06092,674.05841,211.21006,671.9097,211.21006,669.25913z",
  "M214.57022,666.97948C214.57022,664.26264,212.42108,662.06022,209.76999,662.06022C207.1189,662.06022,204.96976,664.26264,204.96976,666.97948C204.96976,669.69631,207.1189,671.89873,209.76999,671.89873C212.42108,671.89873,214.57022,669.69631,214.57022,666.97948z",
  "M219.85047,669.01917C219.85047,666.3686,217.70133,664.21989,215.05024,664.21989C212.39915,664.21989,210.25001,666.3686,210.25001,669.01917C210.25001,671.66974,212.39915,673.81845,215.05024,673.81845C217.70133,673.81845,219.85047,671.66974,219.85047,669.01917z",
  "M226.09077,648.98219C226.09077,646.26536,223.8879,644.06293,221.17053,644.06293C218.45316,644.06293,216.2503,646.26536,216.2503,648.98219C216.2503,651.69902,218.45316,653.90145,221.17053,653.90145C223.8879,653.90145,226.09077,651.69902,226.09077,648.98219z",
  "M228.01086,661.22034C228.01086,658.50351,225.808,656.30109,223.09062,656.30109C220.37325,656.30109,218.17039,658.50351,218.17039,661.22034C218.17039,663.93718,220.37325,666.1396,223.09062,666.1396C225.808,666.1396,228.01086,663.93718,228.01086,661.22034z",
  "M227.53084,660.50045C227.53084,657.78362,225.32797,655.58119,222.6106,655.58119C219.89323,655.58119,217.69037,657.78362,217.69037,660.50045C217.69037,663.21728,219.89323,665.41971,222.6106,665.41971C225.32797,665.41971,227.53084,663.21728,227.53084,660.50045z",
  "M233.29111,651.74177C233.29111,649.09121,231.08825,646.9425,228.37088,646.9425C225.65351,646.9425,223.45064,649.09121,223.45064,651.74177C223.45064,654.39234,225.65351,656.54105,228.37088,656.54105C231.08825,656.54105,233.29111,654.39234,233.29111,651.74177z",
  "M555.62646,626.30561C555.62646,623.65504,553.4236,621.50633,550.70623,621.50633C547.98886,621.50633,545.78599,623.65504,545.78599,626.30561C545.78599,628.95617,547.98886,631.10488,550.70623,631.10488C553.4236,631.10488,555.62646,628.95617,555.62646,626.30561z",
  "M557.78656,627.0255C557.78656,624.37493,555.5837,622.22622,552.86633,622.22622C550.14896,622.22622,547.9461,624.37493,547.9461,627.0255C547.9461,629.67606,550.14896,631.82477,552.86633,631.82477C555.5837,631.82477,557.78656,629.67606,557.78656,627.0255z",
  "M560.6667,621.98626C560.6667,619.33569,558.46384,617.18698,555.74647,617.18698C553.0291,617.18698,550.82623,619.33569,550.82623,621.98626C550.82623,624.63682,553.0291,626.78553,555.74647,626.78553C558.46384,626.78553,560.6667,624.63682,560.6667,621.98626z",
  "M547.70608,609.50814C547.70608,606.85757,545.55695,604.70886,542.90586,604.70886C540.25476,604.70886,538.10563,606.85757,538.10563,609.50814C538.10563,612.15871,540.25476,614.30741,542.90586,614.30741C545.55695,614.30741,547.70608,612.15871,547.70608,609.50814z",
  "M431.78056,631.70479C431.78056,628.98796,429.5777,626.78553,426.86033,626.78553C424.14296,626.78553,421.94009,628.98796,421.94009,631.70479C421.94009,634.42162,424.14296,636.62405,426.86033,636.62405C429.5777,636.62405,431.78056,634.42162,431.78056,631.70479z",
  "M530.66527,559.71564C530.66527,556.99881,528.46241,554.79638,525.74504,554.79638C523.02767,554.79638,520.8248,556.99881,520.8248,559.71564C520.8248,562.43247,523.02767,564.6349,525.74504,564.6349C528.46241,564.6349,530.66527,562.43247,530.66527,559.71564z",
  "M530.66527,553.95651C530.66527,551.23968,528.46241,549.03725,525.74504,549.03725C523.02767,549.03725,520.8248,551.23968,520.8248,553.95651C520.8248,556.67334,523.02767,558.87577,525.74504,558.87577C528.46241,558.87577,530.66527,556.67334,530.66527,553.95651z",
  "M530.42526,554.19647C530.42526,551.47964,528.2224,549.27722,525.50503,549.27722C522.78766,549.27722,520.58479,551.47964,520.58479,554.19647C520.58479,556.91331,522.78766,559.11573,525.50503,559.11573C528.2224,559.11573,530.42526,556.91331,530.42526,554.19647z",
  "M518.90471,532.59973C518.90471,529.8829,516.75558,527.68047,514.10448,527.68047C511.45339,527.68047,509.30426,529.8829,509.30426,532.59973C509.30426,535.31656,511.45339,537.51899,514.10448,537.51899C516.75558,537.51899,518.90471,535.31656,518.90471,532.59973z",
  "M526.82509,526.36067C526.82509,523.64384,524.62223,521.44141,521.90486,521.44141C519.18748,521.44141,516.98462,523.64384,516.98462,526.36067C516.98462,529.0775,519.18748,531.27993,521.90486,531.27993C524.62223,531.27993,526.82509,529.0775,526.82509,526.36067z",
  "M525.14501,528.64033C525.14501,525.98976,522.94215,523.84105,520.22478,523.84105C517.5074,523.84105,515.30454,525.98976,515.30454,528.64033C515.30454,531.29089,517.5074,533.4396,520.22478,533.4396C522.94215,533.4396,525.14501,531.29089,525.14501,528.64033z",
  "M525.14501,542.67821C525.14501,539.96138,522.94215,537.75895,520.22478,537.75895C517.5074,537.75895,515.30454,539.96138,515.30454,542.67821C515.30454,545.39504,517.5074,547.59747,520.22478,547.59747C522.94215,547.59747,525.14501,545.39504,525.14501,542.67821z",
  "M527.54512,531.39991C527.54512,528.68308,525.34226,526.48065,522.62489,526.48065C519.90752,526.48065,517.70466,528.68308,517.70466,531.39991C517.70466,534.11674,519.90752,536.31917,522.62489,536.31917C525.34226,536.31917,527.54512,534.11674,527.54512,531.39991z",
  "M520.8248,526.96058C520.8248,524.31001,518.67567,522.1613,516.02458,522.1613C513.37348,522.1613,511.22435,524.31001,511.22435,526.96058C511.22435,529.61115,513.37348,531.75986,516.02458,531.75986C518.67567,531.75986,520.8248,529.61115,520.8248,526.96058z",
  "M488.66327,502.12432C488.66327,499.40749,486.51414,497.20506,483.86304,497.20506C481.21195,497.20506,479.06281,499.40749,479.06281,502.12432C479.06281,504.84115,481.21195,507.04358,483.86304,507.04358C486.51414,507.04358,488.66327,504.84115,488.66327,502.12432z",
  "M485.54312,510.64304C485.54312,507.99247,483.39399,505.84376,480.74289,505.84376C478.0918,505.84376,475.94267,507.99247,475.94267,510.64304C475.94267,513.29361,478.0918,515.44231,480.74289,515.44231C483.39399,515.44231,485.54312,513.29361,485.54312,510.64304z",
  "M457.22177,472.84873C457.22177,470.1319,455.07264,467.92948,452.42155,467.92948C449.77045,467.92948,447.62132,470.1319,447.62132,472.84873C447.62132,475.56557,449.77045,477.76799,452.42155,477.76799C455.07264,477.76799,457.22177,475.56557,457.22177,472.84873z",
  "M493.94352,491.80588C493.94352,489.08905,491.74066,486.88662,489.02329,486.88662C486.30592,486.88662,484.10305,489.08905,484.10305,491.80588C484.10305,494.52271,486.30592,496.72514,489.02329,496.72514C491.74066,496.72514,493.94352,494.52271,493.94352,491.80588z",
  "M493.94352,491.80588C493.94352,489.08905,491.74066,486.88662,489.02329,486.88662C486.30592,486.88662,484.10305,489.08905,484.10305,491.80588C484.10305,494.52271,486.30592,496.72514,489.02329,496.72514C491.74066,496.72514,493.94352,494.52271,493.94352,491.80588z",
  "M448.58136,482.32731C448.58136,479.67674,446.43223,477.52803,443.78113,477.52803C441.13004,477.52803,438.98091,479.67674,438.98091,482.32731C438.98091,484.97787,441.13004,487.12658,443.78113,487.12658C446.43223,487.12658,448.58136,484.97787,448.58136,482.32731z",
  "M442.58108,483.88707C442.58108,481.17024,440.43194,478.96781,437.78085,478.96781C435.12976,478.96781,432.98062,481.17024,432.98062,483.88707C432.98062,486.6039,435.12976,488.80633,437.78085,488.80633C440.43194,488.80633,442.58108,486.6039,442.58108,483.88707z",
  "M432.02057,478.60787C432.02057,475.89104,429.81771,473.68861,427.10034,473.68861C424.38297,473.68861,422.18011,475.89104,422.18011,478.60787C422.18011,481.3247,424.38297,483.52713,427.10034,483.52713C429.81771,483.52713,432.02057,481.3247,432.02057,478.60787z",
  "M437.06081,482.80723C437.06081,480.15667,434.85795,478.00796,432.14058,478.00796C429.42321,478.00796,427.22035,480.15667,427.22035,482.80723C427.22035,485.4578,429.42321,487.60651,432.14058,487.60651C434.85795,487.60651,437.06081,485.4578,437.06081,482.80723z",
  "M439.70094,514.84241C439.70094,512.12557,437.5518,509.92315,434.90071,509.92315C432.24962,509.92315,430.10048,512.12557,430.10048,514.84241C430.10048,517.55924,432.24962,519.76166,434.90071,519.76166C437.5518,519.76166,439.70094,517.55924,439.70094,514.84241z",
  "M436.10077,510.40307C436.10077,507.75251,433.95163,505.6038,431.30054,505.6038C428.64945,505.6038,426.50031,507.75251,426.50031,510.40307C426.50031,513.05364,428.64945,515.20235,431.30054,515.20235C433.95163,515.20235,436.10077,513.05364,436.10077,510.40307z",
  "M448.10134,486.88662C448.10134,484.23605,445.9522,482.08734,443.30111,482.08734C440.65002,482.08734,438.50088,484.23605,438.50088,486.88662C438.50088,489.53719,440.65002,491.6859,443.30111,491.6859C445.9522,491.6859,448.10134,489.53719,448.10134,486.88662z",
  "M407.53941,510.40307C407.53941,507.75251,405.39027,505.6038,402.73918,505.6038C400.08809,505.6038,397.93895,507.75251,397.93895,510.40307C397.93895,513.05364,400.08809,515.20235,402.73918,515.20235C405.39027,515.20235,407.53941,513.05364,407.53941,510.40307z",
  "M406.57936,491.92586C406.57936,489.27529,404.3765,487.12658,401.65913,487.12658C398.94176,487.12658,396.73889,489.27529,396.73889,491.92586C396.73889,494.57643,398.94176,496.72514,401.65913,496.72514C404.3765,496.72514,406.57936,494.57643,406.57936,491.92586z",
  "M410.89957,478.12794C410.89957,475.41111,408.75043,473.20868,406.09934,473.20868C403.44825,473.20868,401.29911,475.41111,401.29911,478.12794C401.29911,480.84477,403.44825,483.0472,406.09934,483.0472C408.75043,483.0472,410.89957,480.84477,410.89957,478.12794z",
  "M440.901,453.29168C440.901,450.64111,438.75186,448.49241,436.10077,448.49241C433.44968,448.49241,431.30054,450.64111,431.30054,453.29168C431.30054,455.94225,433.44968,458.09096,436.10077,458.09096C438.75186,458.09096,440.901,455.94225,440.901,453.29168z",
  "M442.82109,451.13201C442.82109,448.48144,440.67195,446.33273,438.02086,446.33273C435.36977,446.33273,433.22063,448.48144,433.22063,451.13201C433.22063,453.78257,435.36977,455.93128,438.02086,455.93128C440.67195,455.93128,442.82109,453.78257,442.82109,451.13201z",
  "M435.86076,443.33318C435.86076,440.61635,433.71162,438.41392,431.06053,438.41392C428.40944,438.41392,426.2603,440.61635,426.2603,443.33318C426.2603,446.05001,428.40944,448.25244,431.06053,448.25244C433.71162,448.25244,435.86076,446.05001,435.86076,443.33318z",
  "M435.86076,443.33318C435.86076,440.61635,433.71162,438.41392,431.06053,438.41392C428.40944,438.41392,426.2603,440.61635,426.2603,443.33318C426.2603,446.05001,428.40944,448.25244,431.06053,448.25244C433.71162,448.25244,435.86076,446.05001,435.86076,443.33318z",
  "M432.02057,437.09412C432.02057,434.37729,429.81771,432.17486,427.10034,432.17486C424.38297,432.17486,422.18011,434.37729,422.18011,437.09412C422.18011,439.81095,424.38297,442.01338,427.10034,442.01338C429.81771,442.01338,432.02057,439.81095,432.02057,437.09412z",
  "M438.98091,423.2962C438.98091,420.64564,436.77804,418.49693,434.06067,418.49693C431.3433,418.49693,429.14044,420.64564,429.14044,423.2962C429.14044,425.94677,431.3433,428.09548,434.06067,428.09548C436.77804,428.09548,438.98091,425.94677,438.98091,423.2962z",
  "M425.54027,425.57586C425.54027,422.85903,423.39113,420.6566,420.74004,420.6566C418.08894,420.6566,415.93981,422.85903,415.93981,425.57586C415.93981,428.29269,418.08894,430.49512,420.74004,430.49512C423.39113,430.49512,425.54027,428.29269,425.54027,425.57586z",
  "M421.46007,426.05579C421.46007,423.33896,419.31094,421.13653,416.65984,421.13653C414.00875,421.13653,411.85961,423.33896,411.85961,426.05579C411.85961,428.77262,414.00875,430.97505,416.65984,430.97505C419.31094,430.97505,421.46007,428.77262,421.46007,426.05579z",
  "M387.13844,422.09638C387.13844,419.44582,384.93557,417.29711,382.2182,417.29711C379.50083,417.29711,377.29797,419.44582,377.29797,422.09638C377.29797,424.74695,379.50083,426.89566,382.2182,426.89566C384.93557,426.89566,387.13844,424.74695,387.13844,422.09638z",
  "M426.2603,409.01835C426.2603,406.30152,424.05744,404.0991,421.34007,404.0991C418.6227,404.0991,416.41983,406.30152,416.41983,409.01835C416.41983,411.73519,418.6227,413.93761,421.34007,413.93761C424.05744,413.93761,426.2603,411.73519,426.2603,409.01835z",
  "M424.82023,400.25967C424.82023,397.60911,422.61737,395.4604,419.9,395.4604C417.18263,395.4604,414.97976,397.60911,414.97976,400.25967C414.97976,402.91024,417.18263,405.05895,419.9,405.05895C422.61737,405.05895,424.82023,402.91024,424.82023,400.25967z",
  "M382.81823,474.88843C382.81823,472.23786,380.6691,470.08915,378.018,470.08915C375.36691,470.08915,373.21777,472.23786,373.21777,474.88843C373.21777,477.53899,375.36691,479.6877,378.018,479.6877C380.6691,479.6877,382.81823,477.53899,382.81823,474.88843z",
  "M384.49831,469.1293C384.49831,466.47873,382.34918,464.33002,379.69808,464.33002C377.04699,464.33002,374.89785,466.47873,374.89785,469.1293C374.89785,471.77986,377.04699,473.92857,379.69808,473.92857C382.34918,473.92857,384.49831,471.77986,384.49831,469.1293z",
  "M387.13844,462.29033C387.13844,459.57349,384.93557,457.37107,382.2182,457.37107C379.50083,457.37107,377.29797,459.57349,377.29797,462.29033C377.29797,465.00716,379.50083,467.20958,382.2182,467.20958C384.93557,467.20958,387.13844,465.00716,387.13844,462.29033z",
  "M390.4986,450.89204C390.4986,448.24148,388.29573,446.09277,385.57836,446.09277C382.86099,446.09277,380.65813,448.24148,380.65813,450.89204C380.65813,453.54261,382.86099,455.69132,385.57836,455.69132C388.29573,455.69132,390.4986,453.54261,390.4986,450.89204z",
  "M396.49888,437.33409C396.49888,434.61726,394.29602,432.41483,391.57865,432.41483C388.86128,432.41483,386.65841,434.61726,386.65841,437.33409C386.65841,440.05092,388.86128,442.25335,391.57865,442.25335C394.29602,442.25335,396.49888,440.05092,396.49888,437.33409z",
  "M401.53912,425.57586C401.53912,422.85903,399.33626,420.6566,396.61889,420.6566C393.90152,420.6566,391.69865,422.85903,391.69865,425.57586C391.69865,428.29269,393.90152,430.49512,396.61889,430.49512C399.33626,430.49512,401.53912,428.29269,401.53912,425.57586z",
  "M400.57908,415.49738C400.57908,412.78055,398.42994,410.57812,395.77885,410.57812C393.12776,410.57812,390.97862,412.78055,390.97862,415.49738C390.97862,418.21421,393.12776,420.41664,395.77885,420.41664C398.42994,420.41664,400.57908,418.21421,400.57908,415.49738z",
  "M381.61817,464.80995C381.61817,462.15938,379.41531,460.01067,376.69794,460.01067C373.98057,460.01067,371.77771,462.15938,371.77771,464.80995C371.77771,467.46051,373.98057,469.60922,376.69794,469.60922C379.41531,469.60922,381.61817,467.46051,381.61817,464.80995z",
  "M376.81795,481.60741C376.81795,478.95685,374.61508,476.80814,371.89771,476.80814C369.18034,476.80814,366.97748,478.95685,366.97748,481.60741C366.97748,484.25798,369.18034,486.40669,371.89771,486.40669C374.61508,486.40669,376.81795,484.25798,376.81795,481.60741z",
  "M406.57936,524.68092C406.57936,521.96409,404.3765,519.76166,401.65913,519.76166C398.94176,519.76166,396.73889,521.96409,396.73889,524.68092C396.73889,527.39775,398.94176,529.60018,401.65913,529.60018C404.3765,529.60018,406.57936,527.39775,406.57936,524.68092z",
  "M333.13587,507.88345C333.13587,505.16662,330.98673,502.9642,328.33564,502.9642C325.68454,502.9642,323.53541,505.16662,323.53541,507.88345C323.53541,510.60029,325.68454,512.80271,328.33564,512.80271C330.98673,512.80271,333.13587,510.60029,333.13587,507.88345z",
  "M336.73604,510.883C336.73604,508.23243,334.5869,506.08373,331.93581,506.08373C329.28472,506.08373,327.13558,508.23243,327.13558,510.883C327.13558,513.53357,329.28472,515.68228,331.93581,515.68228C334.5869,515.68228,336.73604,513.53357,336.73604,510.883z",
  "M384.01829,444.77297C384.01829,442.05613,381.81542,439.85371,379.09805,439.85371C376.38068,439.85371,374.17782,442.05613,374.17782,444.77297C374.17782,447.4898,376.38068,449.69222,379.09805,449.69222C381.81542,449.69222,384.01829,447.4898,384.01829,444.77297z",
  "M380.17811,454.13156C380.17811,451.41472,377.97524,449.2123,375.25787,449.2123C372.5405,449.2123,370.33764,451.41472,370.33764,454.13156C370.33764,456.84839,372.5405,459.05081,375.25787,459.05081C377.97524,459.05081,380.17811,456.84839,380.17811,454.13156z",
  "M324.97548,478.60787C324.97548,475.89104,322.77261,473.68861,320.05524,473.68861C317.33787,473.68861,315.13501,475.89104,315.13501,478.60787C315.13501,481.3247,317.33787,483.52713,320.05524,483.52713C322.77261,483.52713,324.97548,481.3247,324.97548,478.60787z",
  "M316.09505,420.77658C316.09505,418.05975,313.89219,415.85732,311.17482,415.85732C308.45745,415.85732,306.25459,418.05975,306.25459,420.77658C306.25459,423.49341,308.45745,425.69584,311.17482,425.69584C313.89219,425.69584,316.09505,423.49341,316.09505,420.77658z",
  "M308.89471,430.85506C308.89471,428.13823,306.69185,425.93581,303.97448,425.93581C301.25711,425.93581,299.05424,428.13823,299.05424,430.85506C299.05424,433.5719,301.25711,435.77432,303.97448,435.77432C306.69185,435.77432,308.89471,433.5719,308.89471,430.85506z",
  "M294.97405,438.29394C294.97405,435.57711,292.77118,433.37468,290.05381,433.37468C287.33644,433.37468,285.13358,435.57711,285.13358,438.29394C285.13358,441.01077,287.33644,443.2132,290.05381,443.2132C292.77118,443.2132,294.97405,441.01077,294.97405,438.29394z",
  "M401.77913,321.67152C401.77913,318.95469,399.57627,316.75226,396.8589,316.75226C394.14153,316.75226,391.93867,318.95469,391.93867,321.67152C391.93867,324.38835,394.14153,326.59078,396.8589,326.59078C399.57627,326.59078,401.77913,324.38835,401.77913,321.67152z",
  "M389.53855,323.23128C389.53855,320.58072,387.33569,318.43201,384.61832,318.43201C381.90095,318.43201,379.69808,320.58072,379.69808,323.23128C379.69808,325.88185,381.90095,328.03056,384.61832,328.03056C387.33569,328.03056,389.53855,325.88185,389.53855,323.23128z",
  "M296.65413,415.25741C296.65413,412.54058,294.45126,410.33816,291.73389,410.33816C289.01652,410.33816,286.81366,412.54058,286.81366,415.25741C286.81366,417.97425,289.01652,420.17667,291.73389,420.17667C294.45126,420.17667,296.65413,417.97425,296.65413,415.25741z",
  "M382.81823,388.50145C382.81823,385.85088,380.6691,383.70217,378.018,383.70217C375.36691,383.70217,373.21777,385.85088,373.21777,388.50145C373.21777,391.15201,375.36691,393.30072,378.018,393.30072C380.6691,393.30072,382.81823,391.15201,382.81823,388.50145z",
  "M357.61703,324.4311C357.61703,321.78054,355.41417,319.63183,352.6968,319.63183C349.97943,319.63183,347.77656,321.78054,347.77656,324.4311C347.77656,327.08167,349.97943,329.23038,352.6968,329.23038C355.41417,329.23038,357.61703,327.08167,357.61703,324.4311z",
  "M357.61703,320.4717C357.61703,317.75487,355.41417,315.55244,352.6968,315.55244C349.97943,315.55244,347.77656,317.75487,347.77656,320.4717C347.77656,323.18853,349.97943,325.39096,352.6968,325.39096C355.41417,325.39096,357.61703,323.18853,357.61703,320.4717z",
  "M364.81737,314.4726C364.81737,311.75577,362.66824,309.55335,360.01715,309.55335C357.36605,309.55335,355.21692,311.75577,355.21692,314.4726C355.21692,317.18944,357.36605,319.39186,360.01715,319.39186C362.66824,319.39186,364.81737,317.18944,364.81737,314.4726z",
  "M365.77742,311.71302C365.77742,309.06245,363.57456,306.91374,360.85719,306.91374C358.13982,306.91374,355.93695,309.06245,355.93695,311.71302C355.93695,314.36359,358.13982,316.5123,360.85719,316.5123C363.57456,316.5123,365.77742,314.36359,365.77742,311.71302z",
  "M383.53827,299.47486C383.53827,296.8243,381.3354,294.67559,378.61803,294.67559C375.90066,294.67559,373.6978,296.8243,373.6978,299.47486C373.6978,302.12543,375.90066,304.27414,378.61803,304.27414C381.3354,304.27414,383.53827,302.12543,383.53827,299.47486z",
  "M351.61675,326.4708C351.61675,323.75396,349.41388,321.55154,346.69651,321.55154C343.97914,321.55154,341.77628,323.75396,341.77628,326.4708C341.77628,329.18763,343.97914,331.39005,346.69651,331.39005C349.41388,331.39005,351.61675,329.18763,351.61675,326.4708z",
  "M352.57679,316.15235C352.57679,313.43552,350.42766,311.23309,347.77656,311.23309C345.12547,311.23309,342.97633,313.43552,342.97633,316.15235C342.97633,318.86918,345.12547,321.07161,347.77656,321.07161C350.42766,321.07161,352.57679,318.86918,352.57679,316.15235z",
  "M352.57679,316.15235C352.57679,313.43552,350.42766,311.23309,347.77656,311.23309C345.12547,311.23309,342.97633,313.43552,342.97633,316.15235C342.97633,318.86918,345.12547,321.07161,347.77656,321.07161C350.42766,321.07161,352.57679,318.86918,352.57679,316.15235z",
  "M353.77685,309.67333C353.77685,306.9565,351.57398,304.75407,348.85661,304.75407C346.13924,304.75407,343.93638,306.9565,343.93638,309.67333C343.93638,312.39016,346.13924,314.59259,348.85661,314.59259C351.57398,314.59259,353.77685,312.39016,353.77685,309.67333z",
  "M348.97662,302.71438C348.97662,299.99755,346.82748,297.79512,344.17639,297.79512C341.5253,297.79512,339.37616,299.99755,339.37616,302.71438C339.37616,305.43121,341.5253,307.63364,344.17639,307.63364C346.82748,307.63364,348.97662,305.43121,348.97662,302.71438z",
  "M336.97605,293.9557C336.97605,291.30513,334.82691,289.15642,332.17582,289.15642C329.52473,289.15642,327.37559,291.30513,327.37559,293.9557C327.37559,296.60626,329.52473,298.75497,332.17582,298.75497C334.82691,298.75497,336.97605,296.60626,336.97605,293.9557z",
  "M337.93609,290.95615C337.93609,288.23932,335.73323,286.03689,333.01586,286.03689C330.29849,286.03689,328.09563,288.23932,328.09563,290.95615C328.09563,293.67298,330.29849,295.87541,333.01586,295.87541C335.73323,295.87541,337.93609,293.67298,337.93609,290.95615z",
  "M333.13587,284.71709C333.13587,282.00026,330.98673,279.79783,328.33564,279.79783C325.68454,279.79783,323.53541,282.00026,323.53541,284.71709C323.53541,287.43392,325.68454,289.63635,328.33564,289.63635C330.98673,289.63635,333.13587,287.43392,333.13587,284.71709z",
  "M316.57508,275.3585C316.57508,272.64167,314.37221,270.43924,311.65484,270.43924C308.93747,270.43924,306.73461,272.64167,306.73461,275.3585C306.73461,278.07533,308.93747,280.27776,311.65484,280.27776C314.37221,280.27776,316.57508,278.07533,316.57508,275.3585z",
  "M292.09391,301.39458C292.09391,298.74401,289.94478,296.5953,287.29368,296.5953C284.64259,296.5953,282.49345,298.74401,282.49345,301.39458C282.49345,304.04514,284.64259,306.19385,287.29368,306.19385C289.94478,306.19385,292.09391,304.04514,292.09391,301.39458z",
  "M308.41469,314.4726C308.41469,311.75577,306.26555,309.55335,303.61446,309.55335C300.96337,309.55335,298.81423,311.75577,298.81423,314.4726C298.81423,317.18944,300.96337,319.39186,303.61446,319.39186C306.26555,319.39186,308.41469,317.18944,308.41469,314.4726z",
  "M353.53684,332.46989C353.53684,329.75306,351.33397,327.55063,348.6166,327.55063C345.89923,327.55063,343.69637,329.75306,343.69637,332.46989C343.69637,335.18672,345.89923,337.38915,348.6166,337.38915C351.33397,337.38915,353.53684,335.18672,353.53684,332.46989z",
  "M377.29797,302.23445C377.29797,299.51762,375.14883,297.31519,372.49774,297.31519C369.84665,297.31519,367.69751,299.51762,367.69751,302.23445C367.69751,304.95128,369.84665,307.15371,372.49774,307.15371C375.14883,307.15371,377.29797,304.95128,377.29797,302.23445z",
  "M365.2974,233.36483C365.2974,230.648,363.14826,228.44557,360.49717,228.44557C357.84608,228.44557,355.69694,230.648,355.69694,233.36483C355.69694,236.08166,357.84608,238.28409,360.49717,238.28409C363.14826,238.28409,365.2974,236.08166,365.2974,233.36483z",
  "M355.21692,221.6066C355.21692,218.88977,353.01405,216.68734,350.29668,216.68734C347.57931,216.68734,345.37645,218.88977,345.37645,221.6066C345.37645,224.32343,347.57931,226.52586,350.29668,226.52586C353.01405,226.52586,355.21692,224.32343,355.21692,221.6066z",
  "M267.37273,366.54476C267.37273,363.82792,265.16987,361.6255,262.4525,361.6255C259.73513,361.6255,257.53226,363.82792,257.53226,366.54476C257.53226,369.26159,259.73513,371.46401,262.4525,371.46401C265.16987,371.46401,267.37273,369.26159,267.37273,366.54476z",
  "M265.93266,360.54566C265.93266,357.82883,263.78353,355.6264,261.13244,355.6264C258.48134,355.6264,256.33221,357.82883,256.33221,360.54566C256.33221,363.26249,258.48134,365.46492,261.13244,365.46492C263.78353,365.46492,265.93266,363.26249,265.93266,360.54566z",
  "M284.89357,392.8208C284.89357,390.17023,282.74443,388.02152,280.09334,388.02152C277.44225,388.02152,275.29311,390.17023,275.29311,392.8208C275.29311,395.47136,277.44225,397.62007,280.09334,397.62007C282.74443,397.62007,284.89357,395.47136,284.89357,392.8208z",
  "M266.6527,394.50054C266.6527,391.84998,264.44984,389.70127,261.73246,389.70127C259.01509,389.70127,256.81223,391.84998,256.81223,394.50054C256.81223,397.15111,259.01509,399.29982,261.73246,399.29982C264.44984,399.29982,266.6527,397.15111,266.6527,394.50054z",
  "M286.81366,406.01881C286.81366,403.36824,284.66452,401.21953,282.01343,401.21953C279.36234,401.21953,277.2132,403.36824,277.2132,406.01881C277.2132,408.66937,279.36234,410.81808,282.01343,410.81808C284.66452,410.81808,286.81366,408.66937,286.81366,406.01881z",
  "M264.25258,406.01881C264.25258,403.36824,262.10345,401.21953,259.45236,401.21953C256.80126,401.21953,254.65213,403.36824,254.65213,406.01881C254.65213,408.66937,256.80126,410.81808,259.45236,410.81808C262.10345,410.81808,264.25258,408.66937,264.25258,406.01881z",
  "M278.89328,401.57948C278.89328,398.86264,276.69042,396.66022,273.97305,396.66022C271.25568,396.66022,269.05281,398.86264,269.05281,401.57948C269.05281,404.29631,271.25568,406.49873,273.97305,406.49873C276.69042,406.49873,278.89328,404.29631,278.89328,401.57948z",
  "M246.97176,263.36031C246.97176,260.64348,244.7689,258.44105,242.05153,258.44105C239.33416,258.44105,237.13129,260.64348,237.13129,263.36031C237.13129,266.07714,239.33416,268.27957,242.05153,268.27957C244.7689,268.27957,246.97176,266.07714,246.97176,263.36031z",
  "M246.49174,275.71845C246.49174,273.06788,244.3426,270.91917,241.69151,270.91917C239.04042,270.91917,236.89128,273.06788,236.89128,275.71845C236.89128,278.36901,239.04042,280.51772,241.69151,280.51772C244.3426,280.51772,246.49174,278.36901,246.49174,275.71845z",
  "M224.89071,320.71166C224.89071,317.99483,222.74157,315.79241,220.09048,315.79241C217.43939,315.79241,215.29025,317.99483,215.29025,320.71166C215.29025,323.4285,217.43939,325.63092,220.09048,325.63092C222.74157,325.63092,224.89071,323.4285,224.89071,320.71166z",
  "M224.6507,326.4708C224.6507,323.75396,222.44784,321.55154,219.73046,321.55154C217.01309,321.55154,214.81023,323.75396,214.81023,326.4708C214.81023,329.18763,217.01309,331.39005,219.73046,331.39005C222.44784,331.39005,224.6507,329.18763,224.6507,326.4708z",
  "M238.09134,319.75181C238.09134,317.03498,235.88848,314.83255,233.1711,314.83255C230.45373,314.83255,228.25087,317.03498,228.25087,319.75181C228.25087,322.46864,230.45373,324.67107,233.1711,324.67107C235.88848,324.67107,238.09134,322.46864,238.09134,319.75181z",
  "M238.81137,312.67288C238.81137,310.02231,236.66224,307.8736,234.01114,307.8736C231.36005,307.8736,229.21092,310.02231,229.21092,312.67288C229.21092,315.32344,231.36005,317.47215,234.01114,317.47215C236.66224,317.47215,238.81137,315.32344,238.81137,312.67288z",
  "M246.01172,311.95298C246.01172,309.30242,243.86258,307.15371,241.21149,307.15371C238.56039,307.15371,236.41126,309.30242,236.41126,311.95298C236.41126,314.60355,238.56039,316.75226,241.21149,316.75226C243.86258,316.75226,246.01172,314.60355,246.01172,311.95298z",
  "M244.81166,307.75362C244.81166,305.03679,242.66252,302.83436,240.01143,302.83436C237.36034,302.83436,235.2112,305.03679,235.2112,307.75362C235.2112,310.47045,237.36034,312.67288,240.01143,312.67288C242.66252,312.67288,244.81166,310.47045,244.81166,307.75362z",
  "M286.81366,293.71573C286.81366,291.06517,284.6108,288.91646,281.89343,288.91646C279.17605,288.91646,276.97319,291.06517,276.97319,293.71573C276.97319,296.3663,279.17605,298.51501,281.89343,298.51501C284.6108,298.51501,286.81366,296.3663,286.81366,293.71573z",
  "M286.81366,293.71573C286.81366,291.06517,284.66452,288.91646,282.01343,288.91646C279.36234,288.91646,277.2132,291.06517,277.2132,293.71573C277.2132,296.3663,279.36234,298.51501,282.01343,298.51501C284.66452,298.51501,286.81366,296.3663,286.81366,293.71573z",
  "M293.29397,302.23445C293.29397,299.51762,291.0911,297.31519,288.37373,297.31519C285.65636,297.31519,283.4535,299.51762,283.4535,302.23445C283.4535,304.95128,285.65636,307.15371,288.37373,307.15371C291.0911,307.15371,293.29397,304.95128,293.29397,302.23445z",
  "M268.33278,361.98544C268.33278,359.26861,266.12992,357.06618,263.41254,357.06618C260.69517,357.06618,258.49231,359.26861,258.49231,361.98544C258.49231,364.70227,260.69517,366.9047,263.41254,366.9047C266.12992,366.9047,268.33278,364.70227,268.33278,361.98544z",
  "M216.2503,328.27052C216.2503,325.61996,214.10116,323.47125,211.45007,323.47125C208.79898,323.47125,206.64984,325.61996,206.64984,328.27052C206.64984,330.92109,208.79898,333.0698,211.45007,333.0698C214.10116,333.0698,216.2503,330.92109,216.2503,328.27052z",
  "M224.6507,321.19159C224.6507,318.47476,222.50156,316.27233,219.85047,316.27233C217.19938,316.27233,215.05024,318.47476,215.05024,321.19159C215.05024,323.90842,217.19938,326.11085,219.85047,326.11085C222.50156,326.11085,224.6507,323.90842,224.6507,321.19159z",
  "M242.41154,371.46401C242.41154,368.81345,240.26241,366.66474,237.61132,366.66474C234.96022,366.66474,232.81109,368.81345,232.81109,371.46401C232.81109,374.11458,234.96022,376.26329,237.61132,376.26329C240.26241,376.26329,242.41154,374.11458,242.41154,371.46401z",
  "M239.53141,371.46401C239.53141,368.81345,237.38227,366.66474,234.73118,366.66474C232.08009,366.66474,229.93095,368.81345,229.93095,371.46401C229.93095,374.11458,232.08009,376.26329,234.73118,376.26329C237.38227,376.26329,239.53141,374.11458,239.53141,371.46401z",
  "M276.01315,370.50416C276.01315,367.85359,273.81028,365.70488,271.09291,365.70488C268.37554,365.70488,266.17268,367.85359,266.17268,370.50416C266.17268,373.15473,268.37554,375.30344,271.09291,375.30344C273.81028,375.30344,276.01315,373.15473,276.01315,370.50416z",
  "M272.65299,370.74412C272.65299,368.09356,270.45012,365.94485,267.73275,365.94485C265.01538,365.94485,262.81252,368.09356,262.81252,370.74412C262.81252,373.39469,265.01538,375.5434,267.73275,375.5434C270.45012,375.5434,272.65299,373.39469,272.65299,370.74412z",
  "M256.33221,376.02333C256.33221,373.37276,254.12934,371.22405,251.41197,371.22405C248.6946,371.22405,246.49174,373.37276,246.49174,376.02333C246.49174,378.6739,248.6946,380.8226,251.41197,380.8226C254.12934,380.8226,256.33221,378.6739,256.33221,376.02333z",
  "M237.61132,403.73915C237.61132,401.02232,235.46218,398.81989,232.81109,398.81989C230.15999,398.81989,228.01086,401.02232,228.01086,403.73915C228.01086,406.45598,230.15999,408.65841,232.81109,408.65841C235.46218,408.65841,237.61132,406.45598,237.61132,403.73915z",
  "M238.81137,411.29801C238.81137,408.64744,236.60851,406.49873,233.89114,406.49873C231.17377,406.49873,228.9709,408.64744,228.9709,411.29801C228.9709,413.94858,231.17377,416.09729,233.89114,416.09729C236.60851,416.09729,238.81137,413.94858,238.81137,411.29801z",
  "M409.4595,377.82306C409.4595,375.10622,407.31036,372.9038,404.65927,372.9038C402.00818,372.9038,399.85904,375.10622,399.85904,377.82306C399.85904,380.53989,402.00818,382.74232,404.65927,382.74232C407.31036,382.74232,409.4595,380.53989,409.4595,377.82306z",
  "M251.29197,465.64982C251.29197,462.93299,249.0891,460.73056,246.37173,460.73056C243.65436,460.73056,241.4515,462.93299,241.4515,465.64982C241.4515,468.36665,243.65436,470.56908,246.37173,470.56908C249.0891,470.56908,251.29197,468.36665,251.29197,465.64982z",
  "M374.65784,122.98147C374.65784,120.26463,372.45498,118.06221,369.73761,118.06221C367.02024,118.06221,364.81737,120.26463,364.81737,122.98147C364.81737,125.6983,367.02024,127.90072,369.73761,127.90072C372.45498,127.90072,374.65784,125.6983,374.65784,122.98147z",
  "M251.29197,473.56863C251.29197,470.85179,249.14283,468.64937,246.49174,468.64937C243.84065,468.64937,241.69151,470.85179,241.69151,473.56863C241.69151,476.28546,243.84065,478.48788,246.49174,478.48788C249.14283,478.48788,251.29197,476.28546,251.29197,473.56863z",
  "M374.65784,122.98147C374.65784,120.26463,372.45498,118.06221,369.73761,118.06221C367.02024,118.06221,364.81737,120.26463,364.81737,122.98147C364.81737,125.6983,367.02024,127.90072,369.73761,127.90072C372.45498,127.90072,374.65784,125.6983,374.65784,122.98147z",
  "M271.69294,451.13201C271.69294,448.48144,269.49008,446.33273,266.7727,446.33273C264.05533,446.33273,261.85247,448.48144,261.85247,451.13201C261.85247,453.78257,264.05533,455.93128,266.7727,455.93128C269.49008,455.93128,271.69294,453.78257,271.69294,451.13201z",
  "M279.37331,440.09367C279.37331,437.4431,277.17044,435.29439,274.45307,435.29439C271.7357,435.29439,269.53284,437.4431,269.53284,440.09367C269.53284,442.74424,271.7357,444.89295,274.45307,444.89295C277.17044,444.89295,279.37331,442.74424,279.37331,440.09367z",
  "M289.6938,430.01519C289.6938,427.36462,287.49093,425.21591,284.77356,425.21591C282.05619,425.21591,279.85333,427.36462,279.85333,430.01519C279.85333,432.66576,282.05619,434.81447,284.77356,434.81447C287.49093,434.81447,289.6938,432.66576,289.6938,430.01519z",
  "M266.89271,480.16763C266.89271,477.51706,264.68985,475.36835,261.97248,475.36835C259.25511,475.36835,257.05224,477.51706,257.05224,480.16763C257.05224,482.8182,259.25511,484.96691,261.97248,484.96691C264.68985,484.96691,266.89271,482.8182,266.89271,480.16763z",
  "M466.58222,342.78834C466.58222,340.07151,464.37936,337.86908,461.66199,337.86908C458.94462,337.86908,456.74175,340.07151,456.74175,342.78834C456.74175,345.50517,458.94462,347.7076,461.66199,347.7076C464.37936,347.7076,466.58222,345.50517,466.58222,342.78834z",
  "M466.58222,342.78834C466.58222,340.07151,464.37936,337.86908,461.66199,337.86908C458.94462,337.86908,456.74175,340.07151,456.74175,342.78834C456.74175,345.50517,458.94462,347.7076,461.66199,347.7076C464.37936,347.7076,466.58222,345.50517,466.58222,342.78834z",
  "M471.38245,319.27188C471.38245,316.55505,469.23331,314.35262,466.58222,314.35262C463.93113,314.35262,461.78199,316.55505,461.78199,319.27188C461.78199,321.98871,463.93113,324.19114,466.58222,324.19114C469.23331,324.19114,471.38245,321.98871,471.38245,319.27188z",
  "M468.02229,312.91284C468.02229,310.26227,465.87315,308.11356,463.22206,308.11356C460.57097,308.11356,458.42183,310.26227,458.42183,312.91284C458.42183,315.56341,460.57097,317.71212,463.22206,317.71212C465.87315,317.71212,468.02229,315.56341,468.02229,312.91284z",
  "M484.58308,364.02514C484.58308,361.37457,482.38021,359.22586,479.66284,359.22586C476.94547,359.22586,474.74261,361.37457,474.74261,364.02514C474.74261,366.6757,476.94547,368.82441,479.66284,368.82441C482.38021,368.82441,484.58308,366.6757,484.58308,364.02514z",
  "M478.34278,367.50461C478.34278,364.78778,476.19364,362.58535,473.54255,362.58535C470.89146,362.58535,468.74232,364.78778,468.74232,367.50461C468.74232,370.22144,470.89146,372.42387,473.54255,372.42387C476.19364,372.42387,478.34278,370.22144,478.34278,367.50461z",
  "M473.06253,372.30389C473.06253,369.58706,470.91339,367.38463,468.2623,367.38463C465.61121,367.38463,463.46207,369.58706,463.46207,372.30389C463.46207,375.02072,465.61121,377.22315,468.2623,377.22315C470.91339,377.22315,473.06253,375.02072,473.06253,372.30389z",
  "M474.5026,378.54295C474.5026,375.82612,472.35346,373.62369,469.70237,373.62369C467.05128,373.62369,464.90214,375.82612,464.90214,378.54295C464.90214,381.25978,467.05128,383.46221,469.70237,383.46221C472.35346,383.46221,474.5026,381.25978,474.5026,378.54295z",
  "M345.37645,179.133C345.37645,176.41617,343.22731,174.21374,340.57622,174.21374C337.92513,174.21374,335.77599,176.41617,335.77599,179.133C335.77599,181.84983,337.92513,184.05226,340.57622,184.05226C343.22731,184.05226,345.37645,181.84983,345.37645,179.133z",
  "M348.25659,182.61248C348.25659,179.96191,346.05372,177.8132,343.33635,177.8132C340.61898,177.8132,338.41612,179.96191,338.41612,182.61248C338.41612,185.26305,340.61898,187.41175,343.33635,187.41175C346.05372,187.41175,348.25659,185.26305,348.25659,182.61248z",
  "M352.57679,182.01257C352.57679,179.29574,350.42766,177.09331,347.77656,177.09331C345.12547,177.09331,342.97633,179.29574,342.97633,182.01257C342.97633,184.7294,345.12547,186.93183,347.77656,186.93183C350.42766,186.93183,352.57679,184.7294,352.57679,182.01257z",
  "M353.77685,185.61203C353.77685,182.89519,351.57398,180.69277,348.85661,180.69277C346.13924,180.69277,343.93638,182.89519,343.93638,185.61203C343.93638,188.32886,346.13924,190.53128,348.85661,190.53128C351.57398,190.53128,353.77685,188.32886,353.77685,185.61203z",
  "M358.57708,181.53264C358.57708,178.81581,356.37421,176.61338,353.65684,176.61338C350.93947,176.61338,348.73661,178.81581,348.73661,181.53264C348.73661,184.24947,350.93947,186.4519,353.65684,186.4519C356.37421,186.4519,358.57708,184.24947,358.57708,181.53264z",
  "M352.57679,166.29494C352.57679,163.64437,350.42766,161.49566,347.77656,161.49566C345.12547,161.49566,342.97633,163.64437,342.97633,166.29494C342.97633,168.9455,345.12547,171.09421,347.77656,171.09421C350.42766,171.09421,352.57679,168.9455,352.57679,166.29494z",
  "M360.49717,167.61474C360.49717,164.89791,358.2943,162.69548,355.57693,162.69548C352.85956,162.69548,350.6567,164.89791,350.6567,167.61474C350.6567,170.33157,352.85956,172.534,355.57693,172.534C358.2943,172.534,360.49717,170.33157,360.49717,167.61474z",
  "M362.89728,168.57459C362.89728,165.85776,360.74815,163.65533,358.09705,163.65533C355.44596,163.65533,353.29683,165.85776,353.29683,168.57459C353.29683,171.29143,355.44596,173.49385,358.09705,173.49385C360.74815,173.49385,362.89728,171.29143,362.89728,168.57459z",
  "M365.05739,166.05497C365.05739,163.40441,362.90825,161.2557,360.25716,161.2557C357.60606,161.2557,355.45693,163.40441,355.45693,166.05497C355.45693,168.70554,357.60606,170.85425,360.25716,170.85425C362.90825,170.85425,365.05739,168.70554,365.05739,166.05497z",
  "M378.25801,157.77622C378.25801,155.05939,376.05515,152.85696,373.33778,152.85696C370.62041,152.85696,368.41755,155.05939,368.41755,157.77622C368.41755,160.49305,370.62041,162.69548,373.33778,162.69548C376.05515,162.69548,378.25801,160.49305,378.25801,157.77622z",
  "M374.65784,158.01618C374.65784,155.29935,372.45498,153.09693,369.73761,153.09693C367.02024,153.09693,364.81737,155.29935,364.81737,158.01618C364.81737,160.73302,367.02024,162.93544,369.73761,162.93544C372.45498,162.93544,374.65784,160.73302,374.65784,158.01618z",
  "M384.49831,157.05633C384.49831,154.3395,382.34918,152.13707,379.69808,152.13707C377.04699,152.13707,374.89785,154.3395,374.89785,157.05633C374.89785,159.77316,377.04699,161.97559,379.69808,161.97559C382.34918,161.97559,384.49831,159.77316,384.49831,157.05633z",
  "M382.33821,159.33599C382.33821,156.68542,380.13534,154.53671,377.41797,154.53671C374.7006,154.53671,372.49774,156.68542,372.49774,159.33599C372.49774,161.98655,374.7006,164.13526,377.41797,164.13526C380.13534,164.13526,382.33821,161.98655,382.33821,159.33599z",
  "M380.89814,156.33644C380.89814,153.61961,378.749,151.41718,376.09791,151.41718C373.44682,151.41718,371.29768,153.61961,371.29768,156.33644C371.29768,159.05327,373.44682,161.2557,376.09791,161.2557C378.749,161.2557,380.89814,159.05327,380.89814,156.33644z",
  "M382.33821,151.77713C382.33821,149.06029,380.18907,146.85787,377.53798,146.85787C374.88689,146.85787,372.73775,149.06029,372.73775,151.77713C372.73775,154.49396,374.88689,156.69638,377.53798,156.69638C380.18907,156.69638,382.33821,154.49396,382.33821,151.77713z",
  "M386.4184,150.81727C386.4184,148.10044,384.26927,145.89801,381.61817,145.89801C378.96708,145.89801,376.81795,148.10044,376.81795,150.81727C376.81795,153.5341,378.96708,155.73653,381.61817,155.73653C384.26927,155.73653,386.4184,153.5341,386.4184,150.81727z",
  "M379.45807,131.98011C379.45807,129.32954,377.30894,127.18083,374.65784,127.18083C372.00675,127.18083,369.85761,129.32954,369.85761,131.98011C369.85761,134.63068,372.00675,136.77939,374.65784,136.77939C377.30894,136.77939,379.45807,134.63068,379.45807,131.98011z",
  "M377.53798,131.26022C377.53798,128.60965,375.38884,126.46094,372.73775,126.46094C370.08666,126.46094,367.93752,128.60965,367.93752,131.26022C367.93752,133.91078,370.08666,136.05949,372.73775,136.05949C375.38884,136.05949,377.53798,133.91078,377.53798,131.26022z",
  "M376.81795,128.50063C376.81795,125.7838,374.61508,123.58137,371.89771,123.58137C369.18034,123.58137,366.97748,125.7838,366.97748,128.50063C366.97748,131.21746,369.18034,133.41989,371.89771,133.41989C374.61508,133.41989,376.81795,131.21746,376.81795,128.50063z",
  "M379.21806,127.30081C379.21806,124.58398,377.06892,122.38156,374.41783,122.38156C371.76674,122.38156,369.6176,124.58398,369.6176,127.30081C369.6176,130.01765,371.76674,132.22007,374.41783,132.22007C377.06892,132.22007,379.21806,130.01765,379.21806,127.30081z",
  "M380.65813,122.7415C380.65813,120.02467,378.45526,117.82224,375.73789,117.82224C373.02052,117.82224,370.81766,120.02467,370.81766,122.7415C370.81766,125.45833,373.02052,127.66076,375.73789,127.66076C378.45526,127.66076,380.65813,125.45833,380.65813,122.7415z",
  "M384.2583,120.58183C384.2583,117.865,382.05544,115.66257,379.33807,115.66257C376.6207,115.66257,374.41783,117.865,374.41783,120.58183C374.41783,123.29866,376.6207,125.50109,379.33807,125.50109C382.05544,125.50109,384.2583,123.29866,384.2583,120.58183z",
  "M378.49803,116.50244C378.49803,113.78561,376.29516,111.58318,373.57779,111.58318C370.86042,111.58318,368.65756,113.78561,368.65756,116.50244C368.65756,119.21927,370.86042,121.4217,373.57779,121.4217C376.29516,121.4217,378.49803,119.21927,378.49803,116.50244z",
  "M376.33792,126.22098C376.33792,123.57041,374.13506,121.4217,371.41769,121.4217C368.70032,121.4217,366.49745,123.57041,366.49745,126.22098C366.49745,128.87154,368.70032,131.02025,371.41769,131.02025C374.13506,131.02025,376.33792,128.87154,376.33792,126.22098z",
  "M375.37788,124.0613C375.37788,121.41074,373.22874,119.26203,370.57765,119.26203C367.92656,119.26203,365.77742,121.41074,365.77742,124.0613C365.77742,126.71187,367.92656,128.86058,370.57765,128.86058C373.22874,128.86058,375.37788,126.71187,375.37788,124.0613z",
  "M372.25773,119.98192C372.25773,117.33135,370.10859,115.18264,367.4575,115.18264C364.80641,115.18264,362.65727,117.33135,362.65727,119.98192C362.65727,122.63248,364.80641,124.78119,367.4575,124.78119C370.10859,124.78119,372.25773,122.63248,372.25773,119.98192z",
  "M371.77771,122.7415C371.77771,120.02467,369.57484,117.82224,366.85747,117.82224C364.1401,117.82224,361.93724,120.02467,361.93724,122.7415C361.93724,125.45833,364.1401,127.66076,366.85747,127.66076C369.57484,127.66076,371.77771,125.45833,371.77771,122.7415z",
  "M367.93752,123.58137C367.93752,120.93081,365.73466,118.7821,363.01729,118.7821C360.29992,118.7821,358.09705,120.93081,358.09705,123.58137C358.09705,126.23194,360.29992,128.38065,363.01729,128.38065C365.73466,128.38065,367.93752,126.23194,367.93752,123.58137z",
  "M371.05767,124.0613C371.05767,121.41074,368.85481,119.26203,366.13744,119.26203C363.42007,119.26203,361.2172,121.41074,361.2172,124.0613C361.2172,126.71187,363.42007,128.86058,366.13744,128.86058C368.85481,128.86058,371.05767,126.71187,371.05767,124.0613z",
  "M371.77771,127.06085C371.77771,124.34402,369.62857,122.14159,366.97748,122.14159C364.32638,122.14159,362.17725,124.34402,362.17725,127.06085C362.17725,129.77768,364.32638,131.98011,366.97748,131.98011C369.62857,131.98011,371.77771,129.77768,371.77771,127.06085z",
  "M364.09734,122.7415C364.09734,120.02467,361.89448,117.82224,359.17711,117.82224C356.45974,117.82224,354.25687,120.02467,354.25687,122.7415C354.25687,125.45833,356.45974,127.66076,359.17711,127.66076C361.89448,127.66076,364.09734,125.45833,364.09734,122.7415z",
  "M363.85733,120.22188C363.85733,117.57131,361.65446,115.4226,358.93709,115.4226C356.21972,115.4226,354.01686,117.57131,354.01686,120.22188C354.01686,122.87245,356.21972,125.02116,358.93709,125.02116C361.65446,125.02116,363.85733,122.87245,363.85733,120.22188z",
  "M363.85733,118.7821C363.85733,116.13153,361.65446,113.98282,358.93709,113.98282C356.21972,113.98282,354.01686,116.13153,354.01686,118.7821C354.01686,121.43267,356.21972,123.58137,358.93709,123.58137C361.65446,123.58137,363.85733,121.43267,363.85733,118.7821z",
  "M363.37731,114.82269C363.37731,112.10586,361.22817,109.90344,358.57708,109.90344C355.92598,109.90344,353.77685,112.10586,353.77685,114.82269C353.77685,117.53953,355.92598,119.74195,358.57708,119.74195C361.22817,119.74195,363.37731,117.53953,363.37731,114.82269z",
  "M360.97719,110.50335C360.97719,107.78651,358.77433,105.58409,356.05696,105.58409C353.33959,105.58409,351.13672,107.78651,351.13672,110.50335C351.13672,113.22018,353.33959,115.4226,356.05696,115.4226C358.77433,115.4226,360.97719,113.22018,360.97719,110.50335z",
  "M355.93695,108.46365C355.93695,105.81309,353.78782,103.66438,351.13672,103.66438C348.48563,103.66438,346.33649,105.81309,346.33649,108.46365C346.33649,111.11422,348.48563,113.26293,351.13672,113.26293C353.78782,113.26293,355.93695,111.11422,355.93695,108.46365z",
  "M355.69694,115.54259C355.69694,112.82575,353.49408,110.62333,350.77671,110.62333C348.05934,110.62333,345.85647,112.82575,345.85647,115.54259C345.85647,118.25942,348.05934,120.46184,350.77671,120.46184C353.49408,120.46184,355.69694,118.25942,355.69694,115.54259z",
  "M357.13701,116.50244C357.13701,113.78561,354.93414,111.58318,352.21677,111.58318C349.4994,111.58318,347.29654,113.78561,347.29654,116.50244C347.29654,119.21927,349.4994,121.4217,352.21677,121.4217C354.93414,121.4217,357.13701,119.21927,357.13701,116.50244z",
  "M346.09648,120.22188C346.09648,117.57131,343.89362,115.4226,341.17625,115.4226C338.45888,115.4226,336.25601,117.57131,336.25601,120.22188C336.25601,122.87245,338.45888,125.02116,341.17625,125.02116C343.89362,125.02116,346.09648,122.87245,346.09648,120.22188z",
  "M353.77685,121.30172C353.77685,118.58489,351.57398,116.38246,348.85661,116.38246C346.13924,116.38246,343.93638,118.58489,343.93638,121.30172C343.93638,124.01855,346.13924,126.22098,348.85661,126.22098C351.57398,126.22098,353.77685,124.01855,353.77685,121.30172z",
  "M349.93667,124.78119C349.93667,122.13063,347.7338,119.98192,345.01643,119.98192C342.29906,119.98192,340.0962,122.13063,340.0962,124.78119C340.0962,127.43176,342.29906,129.58047,345.01643,129.58047C347.7338,129.58047,349.93667,127.43176,349.93667,124.78119z",
  "M347.05653,127.30081C347.05653,124.58398,344.90739,122.38156,342.2563,122.38156C339.60521,122.38156,337.45607,124.58398,337.45607,127.30081C337.45607,130.01765,339.60521,132.22007,342.2563,132.22007C344.90739,132.22007,347.05653,130.01765,347.05653,127.30081z",
  "M342.73632,127.78074C342.73632,125.06391,340.53346,122.86148,337.81609,122.86148C335.09872,122.86148,332.89585,125.06391,332.89585,127.78074C332.89585,130.49757,335.09872,132.7,337.81609,132.7C340.53346,132.7,342.73632,130.49757,342.73632,127.78074z",
  "M352.33678,84.22731C352.33678,81.57674,350.18764,79.42803,347.53655,79.42803C344.88546,79.42803,342.73632,81.57674,342.73632,84.22731C342.73632,86.87787,344.88546,89.02658,347.53655,89.02658C350.18764,89.02658,352.33678,86.87787,352.33678,84.22731z",
  "M350.41669,79.18807C350.41669,76.5375,348.21382,74.38879,345.49645,74.38879C342.77908,74.38879,340.57622,76.5375,340.57622,79.18807C340.57622,81.83863,342.77908,83.98734,345.49645,83.98734C348.21382,83.98734,350.41669,81.83863,350.41669,79.18807z",
  "M344.4164,74.50877C344.4164,71.79194,342.21354,69.58951,339.49617,69.58951C336.7788,69.58951,334.57593,71.79194,334.57593,74.50877C334.57593,77.2256,336.7788,79.42803,339.49617,79.42803C342.21354,79.42803,344.4164,77.2256,344.4164,74.50877z",
  "M343.93638,74.50877C343.93638,71.79194,341.78724,69.58951,339.13615,69.58951C336.48506,69.58951,334.33592,71.79194,334.33592,74.50877C334.33592,77.2256,336.48506,79.42803,339.13615,79.42803C341.78724,79.42803,343.93638,77.2256,343.93638,74.50877z",
  "M342.97633,80.50787C342.97633,77.79104,340.77347,75.58861,338.0561,75.58861C335.33873,75.58861,333.13587,77.79104,333.13587,80.50787C333.13587,83.2247,335.33873,85.42713,338.0561,85.42713C340.77347,85.42713,342.97633,83.2247,342.97633,80.50787z",
  "M342.97633,80.50787C342.97633,77.79104,340.77347,75.58861,338.0561,75.58861C335.33873,75.58861,333.13587,77.79104,333.13587,80.50787C333.13587,83.2247,335.33873,85.42713,338.0561,85.42713C340.77347,85.42713,342.97633,83.2247,342.97633,80.50787z",
  "M328.81566,116.26248C328.81566,113.54565,326.6128,111.34322,323.89543,111.34322C321.17805,111.34322,318.97519,113.54565,318.97519,116.26248C318.97519,118.97931,321.17805,121.18174,323.89543,121.18174C326.6128,121.18174,328.81566,118.97931,328.81566,116.26248z",
  "M329.29568,119.02206C329.29568,116.37149,327.14655,114.22279,324.49545,114.22279C321.84436,114.22279,319.69523,116.37149,319.69523,119.02206C319.69523,121.67263,321.84436,123.82134,324.49545,123.82134C327.14655,123.82134,329.29568,121.67263,329.29568,119.02206z",
  "M329.29568,122.98147C329.29568,120.26463,327.14655,118.06221,324.49545,118.06221C321.84436,118.06221,319.69523,120.26463,319.69523,122.98147C319.69523,125.6983,321.84436,127.90072,324.49545,127.90072C327.14655,127.90072,329.29568,125.6983,329.29568,122.98147z",
  "M330.97576,125.50109C330.97576,122.85052,328.82663,120.70181,326.17553,120.70181C323.52444,120.70181,321.37531,122.85052,321.37531,125.50109C321.37531,128.15165,323.52444,130.30036,326.17553,130.30036C328.82663,130.30036,330.97576,128.15165,330.97576,125.50109z",
  "M324.97548,124.30127C324.97548,121.6507,322.77261,119.50199,320.05524,119.50199C317.33787,119.50199,315.13501,121.6507,315.13501,124.30127C315.13501,126.95183,317.33787,129.10054,320.05524,129.10054C322.77261,129.10054,324.97548,126.95183,324.97548,124.30127z",
  "M336.97605,130.30036C336.97605,127.64979,334.82691,125.50109,332.17582,125.50109C329.52473,125.50109,327.37559,127.64979,327.37559,130.30036C327.37559,132.95093,329.52473,135.09964,332.17582,135.09964C334.82691,135.09964,336.97605,132.95093,336.97605,130.30036z",
  "M339.85619,136.77939C339.85619,134.12882,337.70705,131.98011,335.05596,131.98011C332.40486,131.98011,330.25573,134.12882,330.25573,136.77939C330.25573,139.42995,332.40486,141.57866,335.05596,141.57866C337.70705,141.57866,339.85619,139.42995,339.85619,136.77939z",
  "M335.53598,147.81772C335.53598,145.16715,333.33312,143.01845,330.61575,143.01845C327.89837,143.01845,325.69551,145.16715,325.69551,147.81772C325.69551,150.46829,327.89837,152.617,330.61575,152.617C333.33312,152.617,335.53598,150.46829,335.53598,147.81772z",
  "M325.93552,148.29765C325.93552,145.64708,323.78639,143.49837,321.13529,143.49837C318.4842,143.49837,316.33507,145.64708,316.33507,148.29765C316.33507,150.94822,318.4842,153.09693,321.13529,153.09693C323.78639,153.09693,325.93552,150.94822,325.93552,148.29765z",
  "M327.6156,155.2566C327.6156,152.60603,325.46647,150.45732,322.81537,150.45732C320.16428,150.45732,318.01515,152.60603,318.01515,155.2566C318.01515,157.90717,320.16428,160.05588,322.81537,160.05588C325.46647,160.05588,327.6156,157.90717,327.6156,155.2566z",
  "M326.89557,158.61609C326.89557,155.96553,324.6927,153.81682,321.97533,153.81682C319.25796,153.81682,317.0551,155.96553,317.0551,158.61609C317.0551,161.26666,319.25796,163.41537,321.97533,163.41537C324.6927,163.41537,326.89557,161.26666,326.89557,158.61609z",
  "M325.21549,162.33553C325.21549,159.6187,323.01262,157.41628,320.29525,157.41628C317.57788,157.41628,315.37502,159.6187,315.37502,162.33553C315.37502,165.05237,317.57788,167.25479,320.29525,167.25479C323.01262,167.25479,325.21549,165.05237,325.21549,162.33553z",
  "M324.97548,165.09512C324.97548,162.44455,322.77261,160.29584,320.05524,160.29584C317.33787,160.29584,315.13501,162.44455,315.13501,165.09512C315.13501,167.74569,317.33787,169.89439,320.05524,169.89439C322.77261,169.89439,324.97548,167.74569,324.97548,165.09512z",
  "M328.09563,168.33463C328.09563,165.6178,325.94649,163.41537,323.2954,163.41537C320.6443,163.41537,318.49517,165.6178,318.49517,168.33463C318.49517,171.05146,320.6443,173.25389,323.2954,173.25389C325.94649,173.25389,328.09563,171.05146,328.09563,168.33463z",
  "M329.29568,170.01438C329.29568,167.29755,327.14655,165.09512,324.49545,165.09512C321.84436,165.09512,319.69523,167.29755,319.69523,170.01438C319.69523,172.73121,321.84436,174.93364,324.49545,174.93364C327.14655,174.93364,329.29568,172.73121,329.29568,170.01438z",
  "M332.41583,44.15335C332.41583,41.50278,330.21297,39.35407,327.4956,39.35407C324.77823,39.35407,322.57536,41.50278,322.57536,44.15335C322.57536,46.80391,324.77823,48.95262,327.4956,48.95262C330.21297,48.95262,332.41583,46.80391,332.41583,44.15335z",
  "M195.12929,429.05533C195.12929,426.40477,192.98016,424.25606,190.32906,424.25606C187.67797,424.25606,185.52884,426.40477,185.52884,429.05533C185.52884,431.7059,187.67797,433.85461,190.32906,433.85461C192.98016,433.85461,195.12929,431.7059,195.12929,429.05533z",
  "M204.72975,417.77703C204.72975,415.12647,202.52689,412.97776,199.80952,412.97776C197.09215,412.97776,194.88928,415.12647,194.88928,417.77703C194.88928,420.4276,197.09215,422.57631,199.80952,422.57631C202.52689,422.57631,204.72975,420.4276,204.72975,417.77703z",
  "M204.72975,417.05714C204.72975,414.40658,202.52689,412.25787,199.80952,412.25787C197.09215,412.25787,194.88928,414.40658,194.88928,417.05714C194.88928,419.70771,197.09215,421.85642,199.80952,421.85642C202.52689,421.85642,204.72975,419.70771,204.72975,417.05714z",
  "M133.68637,388.74141C133.68637,386.09084,131.4835,383.94213,128.76613,383.94213C126.04876,383.94213,123.8459,386.09084,123.8459,388.74141C123.8459,391.39198,126.04876,393.54069,128.76613,393.54069C131.4835,393.54069,133.68637,391.39198,133.68637,388.74141z",
  "M162.72775,377.46311C162.72775,374.81254,160.52489,372.66383,157.80752,372.66383C155.09015,372.66383,152.88728,374.81254,152.88728,377.46311C152.88728,380.11368,155.09015,382.26239,157.80752,382.26239C160.52489,382.26239,162.72775,380.11368,162.72775,377.46311z",
  "M165.60789,381.06257C165.60789,378.412,163.40502,376.26329,160.68765,376.26329C157.97028,376.26329,155.76742,378.412,155.76742,381.06257C155.76742,383.71314,157.97028,385.86184,160.68765,385.86184C163.40502,385.86184,165.60789,383.71314,165.60789,381.06257z",
  "M165.60789,378.06302C165.60789,375.34619,163.40502,373.14376,160.68765,373.14376C157.97028,373.14376,155.76742,375.34619,155.76742,378.06302C155.76742,380.77985,157.97028,382.98228,160.68765,382.98228C163.40502,382.98228,165.60789,380.77985,165.60789,378.06302z",
  "M165.12786,371.46401C165.12786,368.81345,162.97873,366.66474,160.32764,366.66474C157.67654,366.66474,155.52741,368.81345,155.52741,371.46401C155.52741,374.11458,157.67654,376.26329,160.32764,376.26329C162.97873,376.26329,165.12786,374.11458,165.12786,371.46401z",
  "M164.40783,370.50416C164.40783,367.85359,162.20497,365.70488,159.4876,365.70488C156.77023,365.70488,154.56736,367.85359,154.56736,370.50416C154.56736,373.15473,156.77023,375.30344,159.4876,375.30344C162.20497,375.30344,164.40783,373.15473,164.40783,370.50416z",
  "M164.40783,374.82351C164.40783,372.17294,162.25869,370.02423,159.6076,370.02423C156.95651,370.02423,154.80737,372.17294,154.80737,374.82351C154.80737,377.47408,156.95651,379.62279,159.6076,379.62279C162.25869,379.62279,164.40783,377.47408,164.40783,374.82351z",
  "M161.52769,371.70398C161.52769,369.05341,159.37856,366.9047,156.72746,366.9047C154.07637,366.9047,151.92724,369.05341,151.92724,371.70398C151.92724,374.35455,154.07637,376.50326,156.72746,376.50326C159.37856,376.50326,161.52769,374.35455,161.52769,371.70398z",
  "M141.36673,381.30253C141.36673,378.65196,139.16387,376.50326,136.4465,376.50326C133.72913,376.50326,131.52626,378.65196,131.52626,381.30253C131.52626,383.9531,133.72913,386.10181,136.4465,386.10181C139.16387,386.10181,141.36673,383.9531,141.36673,381.30253z",
  "M154.08734,486.88662C154.08734,484.23605,151.9382,482.08734,149.28711,482.08734C146.63602,482.08734,144.48688,484.23605,144.48688,486.88662C144.48688,489.53719,146.63602,491.6859,149.28711,491.6859C151.9382,491.6859,154.08734,489.53719,154.08734,486.88662z",
  "M164.64784,507.40353C164.64784,504.6867,162.49871,502.48427,159.84761,502.48427C157.19652,502.48427,155.04738,504.6867,155.04738,507.40353C155.04738,510.12036,157.19652,512.32279,159.84761,512.32279C162.49871,512.32279,164.64784,510.12036,164.64784,507.40353z",
  "M180.4886,501.16447C180.4886,498.44764,178.28573,496.24521,175.56836,496.24521C172.85099,496.24521,170.64813,498.44764,170.64813,501.16447C170.64813,503.8813,172.85099,506.08373,175.56836,506.08373C178.28573,506.08373,180.4886,503.8813,180.4886,501.16447z",
  "M153.84733,473.0887C153.84733,470.37187,151.64446,468.16944,148.92709,468.16944C146.20972,468.16944,144.00686,470.37187,144.00686,473.0887C144.00686,475.80553,146.20972,478.00796,148.92709,478.00796C151.64446,478.00796,153.84733,475.80553,153.84733,473.0887z",
  "M120.00572,485.92676C120.00572,483.2762,117.80285,481.12749,115.08548,481.12749C112.36811,481.12749,110.16525,483.2762,110.16525,485.92676C110.16525,488.57733,112.36811,490.72604,115.08548,490.72604C117.80285,490.72604,120.00572,488.57733,120.00572,485.92676z",
  "M109.68522,518.92179C109.68522,516.20496,107.48236,514.00253,104.76499,514.00253C102.04762,514.00253,99.84476,516.20496,99.84476,518.92179C99.84476,521.63862,102.04762,523.84105,104.76499,523.84105C107.48236,523.84105,109.68522,521.63862,109.68522,518.92179z",
  "M105.36502,520.60154C105.36502,517.88471,103.16215,515.68228,100.44478,515.68228C97.72741,515.68228,95.52455,517.88471,95.52455,520.60154C95.52455,523.31837,97.72741,525.5208,100.44478,525.5208C103.16215,525.5208,105.36502,523.31837,105.36502,520.60154z",
  "M103.68494,521.92134C103.68494,519.27077,101.48207,517.12206,98.7647,517.12206C96.04733,517.12206,93.84447,519.27077,93.84447,521.92134C93.84447,524.57191,96.04733,526.72062,98.7647,526.72062C101.48207,526.72062,103.68494,524.57191,103.68494,521.92134z",
  "M80.64384,518.2019C80.64384,515.48507,78.44098,513.28264,75.72361,513.28264C73.00624,513.28264,70.80337,515.48507,70.80337,518.2019C70.80337,520.91873,73.00624,523.12116,75.72361,523.12116C78.44098,523.12116,80.64384,520.91873,80.64384,518.2019z",
  "M99.60474,513.88255C99.60474,511.16572,97.45561,508.96329,94.80452,508.96329C92.15342,508.96329,90.00429,511.16572,90.00429,513.88255C90.00429,516.59938,92.15342,518.80181,94.80452,518.80181C97.45561,518.80181,99.60474,516.59938,99.60474,513.88255z",
  "M97.20463,511.60289C97.20463,508.95233,95.00177,506.80362,92.2844,506.80362C89.56702,506.80362,87.36416,508.95233,87.36416,511.60289C87.36416,514.25346,89.56702,516.40217,92.2844,516.40217C95.00177,516.40217,97.20463,514.25346,97.20463,511.60289z",
  "M95.52455,511.12297C95.52455,508.4724,93.32169,506.32369,90.60432,506.32369C87.88694,506.32369,85.68408,508.4724,85.68408,511.12297C85.68408,513.77353,87.88694,515.92224,90.60432,515.92224C93.32169,515.92224,95.52455,513.77353,95.52455,511.12297z",
  "M94.80452,511.60289C94.80452,508.95233,92.60165,506.80362,89.88428,506.80362C87.16691,506.80362,84.96405,508.95233,84.96405,511.60289C84.96405,514.25346,87.16691,516.40217,89.88428,516.40217C92.60165,516.40217,94.80452,514.25346,94.80452,511.60289z",
  "M91.68437,512.44277C91.68437,509.72594,89.4815,507.52351,86.76413,507.52351C84.04676,507.52351,81.8439,509.72594,81.8439,512.44277C81.8439,515.1596,84.04676,517.36203,86.76413,517.36203C89.4815,517.36203,91.68437,515.1596,91.68437,512.44277z",
  "M71.52341,507.64349C71.52341,504.92666,69.32054,502.72423,66.60317,502.72423C63.8858,502.72423,61.68294,504.92666,61.68294,507.64349C61.68294,510.36032,63.8858,512.56275,66.60317,512.56275C69.32054,512.56275,71.52341,510.36032,71.52341,507.64349z",
  "M89.52426,509.92315C89.52426,507.27258,87.3214,505.12387,84.60403,505.12387C81.88666,505.12387,79.6838,507.27258,79.6838,509.92315C79.6838,512.57371,81.88666,514.72242,84.60403,514.72242C87.3214,514.72242,89.52426,512.57371,89.52426,509.92315z",
  "M90.2443,510.64304C90.2443,507.99247,88.09516,505.84376,85.44407,505.84376C82.79298,505.84376,80.64384,507.99247,80.64384,510.64304C80.64384,513.29361,82.79298,515.44231,85.44407,515.44231C88.09516,515.44231,90.2443,513.29361,90.2443,510.64304z",
  "M88.56422,512.44277C88.56422,509.72594,86.41508,507.52351,83.76399,507.52351C81.1129,507.52351,78.96376,509.72594,78.96376,512.44277C78.96376,515.1596,81.1129,517.36203,83.76399,517.36203C86.41508,517.36203,88.56422,515.1596,88.56422,512.44277z",
  "M88.32421,511.84286C88.32421,509.19229,86.17507,507.04358,83.52398,507.04358C80.87289,507.04358,78.72375,509.19229,78.72375,511.84286C78.72375,514.49342,80.87289,516.64213,83.52398,516.64213C86.17507,516.64213,88.32421,514.49342,88.32421,511.84286z",
  "M88.56422,515.44231C88.56422,512.79175,86.41508,510.64304,83.76399,510.64304C81.1129,510.64304,78.96376,512.79175,78.96376,515.44231C78.96376,518.09288,81.1129,520.24159,83.76399,520.24159C86.41508,520.24159,88.56422,518.09288,88.56422,515.44231z",
  "M85.92409,520.60154C85.92409,517.88471,83.72123,515.68228,81.00386,515.68228C78.28649,515.68228,76.08362,517.88471,76.08362,520.60154C76.08362,523.31837,78.28649,525.5208,81.00386,525.5208C83.72123,525.5208,85.92409,523.31837,85.92409,520.60154z",
  "M86.40412,522.64123C86.40412,519.99066,84.20125,517.84195,81.48388,517.84195C78.76651,517.84195,76.56365,519.99066,76.56365,522.64123C76.56365,525.2918,78.76651,527.44051,81.48388,527.44051C84.20125,527.44051,86.40412,525.2918,86.40412,522.64123z",
  "M84.24401,528.40036C84.24401,525.74979,82.04115,523.60109,79.32378,523.60109C76.60641,523.60109,74.40354,525.74979,74.40354,528.40036C74.40354,531.05093,76.60641,533.19964,79.32378,533.19964C82.04115,533.19964,84.24401,531.05093,84.24401,528.40036z",
  "M86.1641,527.92043C86.1641,525.26987,83.96124,523.12116,81.24387,523.12116C78.5265,523.12116,76.32364,525.26987,76.32364,527.92043C76.32364,530.571,78.5265,532.71971,81.24387,532.71971C83.96124,532.71971,86.1641,530.571,86.1641,527.92043z",
  "M95.76456,531.15995C95.76456,528.44311,93.61543,526.24069,90.96433,526.24069C88.31324,526.24069,86.1641,528.44311,86.1641,531.15995C86.1641,533.87678,88.31324,536.0792,90.96433,536.0792C93.61543,536.0792,95.76456,533.87678,95.76456,531.15995z",
  "M98.16468,531.63987C98.16468,528.92304,95.96181,526.72062,93.24444,526.72062C90.52707,526.72062,88.32421,528.92304,88.32421,531.63987C88.32421,534.35671,90.52707,536.55913,93.24444,536.55913C95.96181,536.55913,98.16468,534.35671,98.16468,531.63987z",
  "M98.88471,531.87984C98.88471,529.16301,96.68185,526.96058,93.96448,526.96058C91.2471,526.96058,89.04424,529.16301,89.04424,531.87984C89.04424,534.59667,91.2471,536.7991,93.96448,536.7991C96.68185,536.7991,98.88471,534.59667,98.88471,531.87984z",
  "M101.28482,532.59973C101.28482,529.8829,99.13569,527.68047,96.4846,527.68047C93.8335,527.68047,91.68437,529.8829,91.68437,532.59973C91.68437,535.31656,93.8335,537.51899,96.4846,537.51899C99.13569,537.51899,101.28482,535.31656,101.28482,532.59973z",
  "M100.8048,533.67957C100.8048,531.029,98.65567,528.88029,96.00457,528.88029C93.35348,528.88029,91.20434,531.029,91.20434,533.67957C91.20434,536.33013,93.35348,538.47884,96.00457,538.47884C98.65567,538.47884,100.8048,536.33013,100.8048,533.67957z",
  "M103.44493,533.91953C103.44493,531.26896,101.24206,529.12025,98.52469,529.12025C95.80732,529.12025,93.60446,531.26896,93.60446,533.91953C93.60446,536.5701,95.80732,538.71881,98.52469,538.71881C101.24206,538.71881,103.44493,536.5701,103.44493,533.91953z",
  "M105.60503,536.19919C105.60503,533.48236,103.40217,531.27993,100.6848,531.27993C97.96743,531.27993,95.76456,533.48236,95.76456,536.19919C95.76456,538.91602,97.96743,541.11845,100.6848,541.11845C103.40217,541.11845,105.60503,538.91602,105.60503,536.19919z",
  "M107.76513,538.95877C107.76513,536.3082,105.616,534.15949,102.9649,534.15949C100.31381,534.15949,98.16468,536.3082,98.16468,538.95877C98.16468,541.60934,100.31381,543.75805,102.9649,543.75805C105.616,543.75805,107.76513,541.60934,107.76513,538.95877z",
  "M95.52455,530.91998C95.52455,528.20315,93.32169,526.00072,90.60432,526.00072C87.88694,526.00072,85.68408,528.20315,85.68408,530.91998C85.68408,533.63681,87.88694,535.83924,90.60432,535.83924C93.32169,535.83924,95.52455,533.63681,95.52455,530.91998z",
  "M143.52684,550.11709C143.52684,547.40026,141.3777,545.19783,138.72661,545.19783C136.07551,545.19783,133.92638,547.40026,133.92638,550.11709C133.92638,552.83392,136.07551,555.03635,138.72661,555.03635C141.3777,555.03635,143.52684,552.83392,143.52684,550.11709z",
  "M140.16668,557.91591C140.16668,555.26535,138.01754,553.11664,135.36645,553.11664C132.71535,553.11664,130.56622,555.26535,130.56622,557.91591C130.56622,560.56648,132.71535,562.71519,135.36645,562.71519C138.01754,562.71519,140.16668,560.56648,140.16668,557.91591z",
  "M93.12444,596.19014C93.12444,593.47331,90.92157,591.27089,88.2042,591.27089C85.48683,591.27089,83.28397,593.47331,83.28397,596.19014C83.28397,598.90698,85.48683,601.1094,88.2042,601.1094C90.92157,601.1094,93.12444,598.90698,93.12444,596.19014z",
  "M77.04367,575.9132C77.04367,573.26263,74.84081,571.11392,72.12344,571.11392C69.40606,571.11392,67.2032,573.26263,67.2032,575.9132C67.2032,578.56377,69.40606,580.71248,72.12344,580.71248C74.84081,580.71248,77.04367,578.56377,77.04367,575.9132z",
  "M111.60532,600.02957C111.60532,597.31273,109.45618,595.11031,106.80509,595.11031C104.15399,595.11031,102.00486,597.31273,102.00486,600.02957C102.00486,602.7464,104.15399,604.94882,106.80509,604.94882C109.45618,604.94882,111.60532,602.7464,111.60532,600.02957z",
  "M111.3653,599.66962C111.3653,597.01905,109.21617,594.87034,106.56508,594.87034C103.91398,594.87034,101.76485,597.01905,101.76485,599.66962C101.76485,602.32019,103.91398,604.4689,106.56508,604.4689C109.21617,604.4689,111.3653,602.32019,111.3653,599.66962z",
  "M113.2854,599.42966C113.2854,596.77909,111.13626,594.63038,108.48517,594.63038C105.83407,594.63038,103.68494,596.77909,103.68494,599.42966C103.68494,602.08022,105.83407,604.22893,108.48517,604.22893C111.13626,604.22893,113.2854,602.08022,113.2854,599.42966z",
  "M118.08562,600.02957C118.08562,597.31273,115.88276,595.11031,113.16539,595.11031C110.44802,595.11031,108.24516,597.31273,108.24516,600.02957C108.24516,602.7464,110.44802,604.94882,113.16539,604.94882C115.88276,604.94882,118.08562,602.7464,118.08562,600.02957z",
  "M127.20606,518.68183C127.20606,515.965,125.00319,513.76257,122.28582,513.76257C119.56845,513.76257,117.36559,515.965,117.36559,518.68183C117.36559,521.39866,119.56845,523.60109,122.28582,523.60109C125.00319,523.60109,127.20606,521.39866,127.20606,518.68183z",
  "M86.1641,600.26953C86.1641,597.5527,83.96124,595.35027,81.24387,595.35027C78.5265,595.35027,76.32364,597.5527,76.32364,600.26953C76.32364,602.98636,78.5265,605.18879,81.24387,605.18879C83.96124,605.18879,86.1641,602.98636,86.1641,600.26953z",
  "M86.1641,602.90913C86.1641,600.1923,83.96124,597.98987,81.24387,597.98987C78.5265,597.98987,76.32364,600.1923,76.32364,602.90913C76.32364,605.62596,78.5265,607.82839,81.24387,607.82839C83.96124,607.82839,86.1641,605.62596,86.1641,602.90913z",
  "M84.96405,605.18879C84.96405,602.53822,82.81491,600.38951,80.16382,600.38951C77.51273,600.38951,75.36359,602.53822,75.36359,605.18879C75.36359,607.83936,77.51273,609.98807,80.16382,609.98807C82.81491,609.98807,84.96405,607.83936,84.96405,605.18879z",
  "M83.04396,607.46845C83.04396,604.75161,80.89482,602.54919,78.24373,602.54919C75.59263,602.54919,73.4435,604.75161,73.4435,607.46845C73.4435,610.18528,75.59263,612.3877,78.24373,612.3877C80.89482,612.3877,83.04396,610.18528,83.04396,607.46845z",
  "M81.36388,608.4283C81.36388,605.71147,79.21474,603.50904,76.56365,603.50904C73.91255,603.50904,71.76342,605.71147,71.76342,608.4283C71.76342,611.14513,73.91255,613.34756,76.56365,613.34756C79.21474,613.34756,81.36388,611.14513,81.36388,608.4283z",
  "M78.96376,608.78825C78.96376,606.13768,76.7609,603.98897,74.04353,603.98897C71.32616,603.98897,69.12329,606.13768,69.12329,608.78825C69.12329,611.43881,71.32616,613.58752,74.04353,613.58752C76.7609,613.58752,78.96376,611.43881,78.96376,608.78825z",
  "M77.28368,585.27179C77.28368,582.62122,75.08082,580.47251,72.36345,580.47251C69.64608,580.47251,67.44321,582.62122,67.44321,585.27179C67.44321,587.92236,69.64608,590.07107,72.36345,590.07107C75.08082,590.07107,77.28368,587.92236,77.28368,585.27179z",
  "M75.84361,584.67188C75.84361,581.95505,73.69448,579.75262,71.04338,579.75262C68.39229,579.75262,66.24316,581.95505,66.24316,584.67188C66.24316,587.38871,68.39229,589.59114,71.04338,589.59114C73.69448,589.59114,75.84361,587.38871,75.84361,584.67188z",
  "M74.40354,582.75217C74.40354,580.03534,72.25441,577.83291,69.60332,577.83291C66.95222,577.83291,64.80309,580.03534,64.80309,582.75217C64.80309,585.469,66.95222,587.67143,69.60332,587.67143C72.25441,587.67143,74.40354,585.469,74.40354,582.75217z",
  "M72.24344,581.43237C72.24344,578.7818,70.04058,576.63309,67.32321,576.63309C64.60584,576.63309,62.40297,578.7818,62.40297,581.43237C62.40297,584.08294,64.60584,586.23165,67.32321,586.23165C70.04058,586.23165,72.24344,584.08294,72.24344,581.43237z",
  "M68.88328,578.91275C68.88328,576.19592,66.68042,573.99349,63.96305,573.99349C61.24568,573.99349,59.04281,576.19592,59.04281,578.91275C59.04281,581.62958,61.24568,583.83201,63.96305,583.83201C66.68042,583.83201,68.88328,581.62958,68.88328,578.91275z",
  "M330.49574,171.57414C330.49574,168.92357,328.29288,166.77486,325.57551,166.77486C322.85813,166.77486,320.65527,168.92357,320.65527,171.57414C320.65527,174.22471,322.85813,176.37342,325.57551,176.37342C328.29288,176.37342,330.49574,174.22471,330.49574,171.57414z",
  "M345.61646,112.783C345.61646,110.13243,343.46732,107.98373,340.81623,107.98373C338.16514,107.98373,336.016,110.13243,336.016,112.783C336.016,115.43357,338.16514,117.58228,340.81623,117.58228C343.46732,117.58228,345.61646,115.43357,345.61646,112.783z"
]
